7410
7122
5680
1835
2366
7181
6949
5703
4187
8582
8062
7928
3748
5248
1145
4754
5368
4844
8386
4079
5008
9929
5142
5648
4169
4763
4681
5510
3399
2249
5235
5465
2963
1427
3679
7977
5590
1372
5012
4971
3406
5012
5551
3303
8312
8466
5456
6000
6431
8888
8916
4307
1539
6350
5755
3012
1566
3660
1235
2997
9483
2946
4525
1599
7192
2243
5918
1846
2966
8881
8112
3473
1822
1626
2002
5792
5142
6740
1478
9385
9941
4605
2522
2627
3763
7718
1385
8380
2244
5896
3610
7497
3926
4600
3849
7613
9513
1975
8757
4644
7159
5677
8378
6015
5436
1543
8479
5858
5432
3774
5683
4612
7442
5715
5860
4800
7663
1504
4344
7778
6252
9824
3711
1419
3392
7873
8713
1809
9365
1497
7380
7385
9009
2967
8768
2910
5807
4812
9263
1622
3620
6889
6143
6123
3039
6706
3034
7631
5400
9724
5008
5500
8893
4955
8427
1827
8488
3671
4523
4532
3981
5072
4347
5509
5227
6575
1844
9206
7752
1943
1080
2788
3946
1412
4298
1628
2556
2923
2132
3355
4005
4706
1353
6116
6495
1497
6860
1369
1927
1282
6217
4325
3848
4892
4970
3506
7397
6102
3229
8151
8111
2306
4644
2948
3595
3984
9884
3576
3144
7173
5691
7323
4151
2323
5419
3624
5412
4051
3796
1045
1828
3464
6097
4774
2479
4150
5778
7054
2048
7691
5914
3800
4747
5036
8114
9814
4927
5324
4237
4847
6212
2192
4925
4702
5918
4758
6614
1297
4018
4448
3538
3743
1256
1827
7301
7893
3410
4357
9977
3883
5348
3798
5421
7642
5549
4358
8865
3449
4637
1160
6526
3665
8423
3645
5339
8853
2329
9508
2643
9142
4945
3680
5533
5238
5610
1290
3260
9507
2200
2561
8761
4143
3336
5960
4173
1205
7196
2263
4491
5038
4598
3068
7517
3150
7466
3587
1814
9416
1976
6843
7808
1441
2154
6132
2983
3891
4235
5318
3310
3872
1201
5667
2536
5803
5229
3720
3890
2985
8089
4135
2495
8117
8625
6401
3043
5997
4588
1842
6749
6223
6396
2885
4782
1672
9325
3419
4767
6414
4579
1150
7083
9284
1255
2042
4160
2254
8115
2470
4892
7982
3723
9751
3437
1646
9103
